0 0
0 0
0 0
0 0
0 0
0 0
0 0
0 0
0 0
0 0
0 0
0 0
0 0
0 0
0 0
0 0
0 0
0 0
0 0
0 0
0 0
0 0
0 0
0 0
0 0
0 0
0 0
0 0
0 0
0 0
0 0
0 0
0 0
0 0
0 0
0 0
0 0
0 0
0 0
0 0
0 0
0 0
0 0
0 0
0 0
0 0
0 0
0 0
0 0
0 0
0 0
0 0
0 0
0 0
0 0
0 0
0 0
0 0
0 0
0 0
0 0
0 0
0 0
0 0
0 0
0 0
0 0
0 0
0 0
0 0
0 0
0 0
0 0
0 0
0 0
0 0
0 0
0 0
0 0
0 0
0 0
0 0
0 0
0 0
0 0
0 0
0 0
0 0
0 0
0 0
0 0
0 0
0 0
0 0
0 0
0 0
0 0
0 0
0 0
0 0
0 0
0 0
0 0
0 0
0 0
0 0
0 0
0 0
0 0
0 0
0 0
0 0
0 0
0 0
0 0
0 0
0 0
0 0
0 0
0 0
0 0
0 0
0 0
0 0
0 0
0 0
0 0
0 0
0 0
0 0
0 0
0 0
0 0
0 0
0 0
0 0
0 0
0 0
0 0
0 0
0 0
0 0
0 0
0 0
0 0
0 0
0 0
0 0
0 0
0 0
0 0
0 0
0 0
0 0
0 0
0 0
0 0
0 0
0 0
0 0
0 0
0 0
0 0
0 0
0 0
0 0
0 0
0 0
0 0
0 0
0 0
0 0
0 0
0 0
0 0
0 0
0 0
0 0
0 0
0 0
0 0
0 0
0 0
0 0
0 0
0 0
0 0
0 0
0 0
0 0
0 0
0 0
0 0
0 0
0 0
0 0
0 0
0 0
0 0
0 0
0 0
0 0
0 0
0 0
0 0
0 0
0 0
0 0
0 0
0 0
0 0
0 0
0 0
0 0
0 0
0 0
0 0
0 0
0 0
0 0
0 0
0 0
0 0
0 0
0 0
0 0
0 0
0 0
0 0
0 0
0 0
0 0
0 0
0 0
0 0
0 0
0 0
0 0
0 0
0 0
0 0
0 0
0 0
0 0
0 0
0 0
0 0
0 0
0 0
0 0
0 0
0 0
0 0
0 0
0 0
0 0
0 0
0 0
0 0
0 0
0 0
0 0
0 0
0 0
0 0
0 0
0 0
0 0
0 0
0 0
0 0
0 0
0 0
0 0
0 0
0 0
0 0
0 0
0 0
0 0
0 0
0 0
0 0
0 0
0 0
0 0
0 0
0 0
0 0
0 0
0 0
0 0
0 0
0 0
0 0
0 0
0 0
0 0
0 0
0 0
0 0
0 0
0 0
0 0
0 0
0 0
0 0
0 0
0 0
0 0
0 0
0 0
0 0
0 0
0 0
0 0
0 0
0 0
0 0
0 0
0 0
0 0
0 0
0 0
0 0
0 0
0 0
0 0
0 0
0 0
0 0
0 0
0 0
0 0
0 0
0 0
0 0
0 0
0 0
0 0
0 0
0 0
0 0
0 0
0 0
0 0
0 0
0 0
0 0
0 0
0 0
0 0
0 0
0 0
0 0
0 0
0 0
0 0
0 0
0 0
0 0
0 0
0 0
0 0
0 0
0 0
0 0
0 0
0 0
0 0
0 0
0 0
0 0
0 0
0 0
0 0
0 0
0 0
0 0
0 0
0 0
0 0
0 0
0 0
0 0
0 0
0 0
0 0
0 0
0 0
0 0
0 0
0 0
0 0
0 0
0 0
0 0
0 0
0 0
0 0
0 0
0 0
0 0
0 0
0 0
0 0
0 0
0 0
0 0
0 0
0 0
0 0
0 0
0 0
0 0
0 0
0 0
0 0
0 0
0 0
0 0
0 0
0 0
0 0
0 0
0 0
0 0
0 0
0 0
0 0
0 0
0 0
0 0
0 0
0 0
0 0
0 0
0 0
0 0
0 0
0 0
0 0
0 0
0 0
0 0
0 0
0 0
0 0
0 0
0 0
0 0
0 0
0 0
0 0
0 0
0 0
0 0
0 0
0 0
0 0
0 0
0 0
0 0
0 0
0 0
0 0
0 0
0 0
0 0
0 0
0 0
0 0
0 0
0 0
0 0
0 0
0 0
0 0
0 0
0 0
0 0
0 0
0 0
0 0
0 0
0 0
0 0
0 0
0 0
0 0
0 0
0 0
0 0
0 0
0 0
0 0
0 0
0 0
0 0
0 0
0 0
0 0
0 0
0 0
0 0
0 0
0 0
0 0
0 0
0 0
0 0
0 0
0 0
0 0
0 0
0 0
0 0
0 0
0 0
0 0
0 0
0 0
0 0
0 0
0 0
0 0
0 0
0 0
0 0
0 0
0 0
0 0
0 0
0 0
0 0
0 0
0 0
0 0
0 0
0 0
0 0
0 0
0 0
0 0
0 0
0 0
0 0
0 0
0 0
0 0
0 0
0 0
0 0
0 0
0 0
0 0
0 0
0 0
0 0
0 0
0 0
0 0
0 0
0 0
0 0
0 0
0 0
0 0
0 0
0 0
0 0
0 0
0 0
0 0
0 0
0 0
0 0
0 0
0 0
0 0
0 0
0 0
0 0
0 0
0 0
0 0
0 0
0 0
0 0
0 0
0 0
0 0
0 0
0 0
0 0
0 0
0 0
0 0
0 0
0 0
0 0
0 0
0 0
0 0
0 0
0 0
0 0
0 0
0 0
0 0
0 0
0 0
0 0
0 0
0 0
0 0
0 0
0 0
0 0
0 0
0 0
0 0
0 0
0 0
0 0
0 0
0 0
0 0
0 0
0 0
0 0
0 0
0 0
0 0
0 0
0 0
0 0
0 0
0 0
0 0
0 0
0 0
0 0
0 0
0 0
0 0
0 0
0 0
0 0
0 0
0 0
0 0
0 0
0 0
0 0
0 0
0 0
0 0
0 0
0 0
0 0
0 0
0 0
0 0
0 0
0 0
0 0
0 0
0 0
0 0
0 0
0 0
0 0
0 0
0 0
0 0
0 0
0 0
0 0
0 0
0 0
0 0
0 0
0 0
0 0
0 0
0 0
0 0
0 0
0 0
0 0
0 0
0 0
0 0
0 0
0 0
0 0
0 0
0 0
0 0
0 0
0 0
0 0
0 0
0 0
0 0
0 0
0 0
0 0
0 0
0 0
0 0
0 0
0 0
0 0
0 0
0 0
0 0
0 0
0 0
0 0
0 0
0 0
0 0
0 0
0 0
0 0
0 0
0 0
0 0
0 0
0 0
0 0
0 0
0 0
0 0
0 0
0 0
0 0
0 0
0 0
0 0
0 0
0 0
0 0
0 0
0 0
0 0
0 0
0 0
0 0
0 0
0 0
0 0
0 0
0 0
0 0
0 0
0 0
0 0
0 0
0 0
0 0
0 0
0 0
0 0
0 0
0 0
0 0
0 0
0 0
0 0
0 0
0 0
0 0
0 0
0 0
0 0
0 0
0 0
0 0
0 0
0 0
0 0
0 0
0 0
0 0
0 0
0 0
0 0
0 0
0 0
0 0
0 0
0 0
0 0
0 0
0 0
0 0
0 0
0 0
0 0
0 0
0 0
0 0
0 0
0 0
0 0
0 0
0 0
0 0
0 0
0 0
0 0
0 0
0 0
0 0
0 0
0 0
0 0
0 0
0 0
0 0
0 0
0 0
0 0
0 0
0 0
0 0
0 0
0 0
0 0
0 0
0 0
0 0
0 0
0 0
0 0
0 0
0 0
0 0
0 0
0 0
0 0
0 0
0 0
0 0
0 0
0 0
0 0
0 0
0 0
0 0
0 0
0 0
0 0
0 0
0 0
0 0
0 0
0 0
0 0
0 0
0 0
0 0
0 0
0 0
0 0
0 0
0 0
0 0
0 0
0 0
0 0
0 0
0 0
0 0
0 0
0 0
0 0
0 0
0 0
0 0
0 0
0 0
0 0
0 0
0 0
0 0
0 0
0 0
0 0
0 0
0 0
0 0
0 0
0 0
0 0
0 0
0 0
0 0
0 0
0 0
0 0
0 0
0 0
0 0
0 0
0 0
0 0
0 0
0 0
0 0
0 0
0 0
0 0
0 0
0 0
0 0
0 0
0 0
0 0
0 0
0 0
0 0
0 0
0 0
0 0
0 0
0 0
0 0
0 0
0 0
0 0
0 0
0 0
0 0
0 0
0 0
0 0
0 0
0 0
0 0
0 0
0 0
0 0
0 0
0 0
0 0
0 0
0 0
0 0
0 0
0 0
0 0
0 0
0 0
0 0
0 0
0 0
0 0
0 0
0 0
0 0
0 0
0 0
0 0
0 0
0 0
0 0
0 0
0 0
0 0
0 0
0 0
0 0
0 0
0 0
0 0
0 0
0 0
0 0
0 0
0 0
0 0
0 0
0 0
0 0
0 0
0 0
0 0
0 0
0 0
0 0
0 0
0 0
0 0
0 0
0 0
0 0
0 0
0 0
0 0
0 0
0 0
0 0
0 0
0 0
0 0
0 0
0 0
0 0
0 0
0 0
0 0
0 0
0 0
0 0
0 0
0 0
0 0
0 0
0 0
0 0
0 0
0 0
0 0
0 0
0 0
0 0
0 0
0 0
0 0
0 0
0 0
0 0
0 0
0 0
0 0
0 0
0 0
0 0
0 0
0 0
0 0
0 0
0 0
0 0
0 0
0 0
0 0
0 0
0 0
0 0
0 0
0 0
0 0
0 0
0 0
0 0
0 0
0 0
0 0
0 0
0 0
0 0
0 0
0 0
0 0
0 0
0 0
0 0
0 0
0 0
0 0
0 0
0 0
0 0
0 0
0 0
0 0
0 0
0 0
0 0
0 0
0 0
0 0
0 0
0 0
0 0
0 0
0 0
0 0
0 0
0 0
0 0
0 0
0 0
0 0
0 0
0 0
0 0
0 0
0 0
0 0
0 0
0 0
0 0
0 0
0 0
0 0
0 0
0 0
0 0
0 0
0 0
0 0
0 0
0 0
0 0
0 0
0 0
0 0
0 0
0 0
0 0
0 0
0 0
0 0
0 0
0 0
0 0
0 0
0 0
0 0
0 0
0 0
0 0
0 0
0 0
0 0
0 0
0 0
0 0
0 0
0 0
0 0
0 0
0 0
0 0
0 0
0 0
0 0
0 0
0 0
0 0
0 0
0 0
0 0
0 0
0 0
0 0
0 0
0 0
0 0
0 0
0 0
0 0
0 0
0 0
0 0
0 0
0 0
0 0
0 0
0 0
0 0
0 0
0 0
0 0
0 0
0 0
0 0
0 0
0 0
0 0
0 0
0 0
0 0
0 0
0 0
0 0
0 0
0 0
0 0
0 0
0 0
0 0
0 0
0 0
1002 415
-415 1002
-1002 -416
416 -1002
1002 416
-417 1002
-1002 -417
417 -1001
1001 418
-418 1001
0 0
0 0
0 0
0 0
0 0
0 0
0 0
0 0
0 0
0 0
1000 422
-422 1000
-999 -422
423 -999
999 423
-423 999
-999 -424
424 -999
999 424
-425 998
0 0
0 0
0 0
0 0
0 0
0 0
0 0
0 0
0 0
0 0
0 0
0 0
0 0
0 0
0 0
0 0
0 0
0 0
0 0
0 0
0 0
0 0
0 0
0 0
0 0
0 0
0 0
0 0
0 0
0 0
0 0
0 0
0 0
0 0
0 0
0 0
0 0
0 0
0 0
0 0
-993 -438
438 -992
992 439
-439 992
-992 -439
440 -992
992 440
-440 992
-991 -440
441 -991
0 0
0 0
0 0
0 0
0 0
0 0
0 0
0 0
0 0
0 0
-990 -444
445 -990
989 445
-445 989
-989 -446
446 -989
989 446
-447 989
-989 -447
447 -988
0 0
0 0
0 0
0 0
0 0
0 0
0 0
0 0
0 0
0 0
0 0
0 0
0 0
0 0
0 0
0 0
0 0
0 0
0 0
0 0
0 0
0 0
0 0
0 0
0 0
0 0
0 0
0 0
0 0
0 0
0 0
0 0
0 0
0 0
0 0
0 0
0 0
0 0
0 0
0 0
0 0
0 0
0 0
0 0
0 0
0 0
0 0
0 0
0 0
0 0
0 0
0 0
0 0
0 0
0 0
0 0
0 0
0 0
0 0
0 0
979 467
-467 979
-979 -468
468 -979
979 468
-469 979
-978 -469
469 -978
978 470
-470 978
0 0
0 0
0 0
0 0
0 0
0 0
0 0
0 0
0 0
0 0
0 0
0 0
0 0
0 0
0 0
0 0
0 0
0 0
0 0
0 0
-975 -477
477 -974
974 477
-478 974
-974 -478
478 -974
974 478
-479 974
-973 -479
479 -973
973 480
-480 973
-973 -480
481 -973
972 481
-481 972
-972 -482
482 -972
972 482
-483 972
0 0
0 0
0 0
0 0
0 0
0 0
0 0
0 0
0 0
0 0
0 0
0 0
0 0
0 0
0 0
0 0
0 0
0 0
0 0
0 0
-968 -489
490 -968
968 490
-490 968
-968 -491
491 -968
967 491
-491 967
-967 -492
492 -967
0 0
0 0
0 0
0 0
0 0
0 0
0 0
0 0
0 0
0 0
-965 -496
496 -965
965 496
-497 965
-964 -497
497 -964
964 497
-498 964
-964 -498
498 -964
963 499
-499 963
-963 -499
500 -963
963 500
-500 963
-962 -501
501 -962
962 501
-502 962
0 0
0 0
0 0
0 0
0 0
0 0
0 0
0 0
0 0
0 0
960 505
-505 960
-960 -506
506 -960
960 506
-507 959
-959 -507
507 -959
959 508
-508 959
0 0
0 0
0 0
0 0
0 0
0 0
0 0
0 0
0 0
0 0
0 0
0 0
0 0
0 0
0 0
0 0
0 0
0 0
0 0
0 0
-955 -514
515 -955
955 515
-515 955
-954 -516
516 -954
954 516
-517 954
-954 -517
517 -954
0 0
0 0
0 0
0 0
0 0
0 0
0 0
0 0
0 0
0 0
-952 -521
521 -952
951 521
-522 951
-951 -522
522 -951
951 523
-523 951
-950 -523
524 -950
0 0
0 0
0 0
0 0
0 0
0 0
0 0
0 0
0 0
0 0
-948 -527
527 -948
948 528
-528 948
-948 -528
528 -947
947 529
-529 947
-947 -529
530 -947
947 530
-530 946
-946 -531
531 -946
946 531
-532 946
-946 -532
532 -945
945 533
-533 945
0 0
0 0
0 0
0 0
0 0
0 0
0 0
0 0
0 0
0 0
943 536
-537 943
-943 -537
537 -943
942 537
-538 942
-942 -538
538 -942
942 539
-539 942
0 0
0 0
0 0
0 0
0 0
0 0
0 0
0 0
0 0
0 0
0 0
0 0
0 0
0 0
0 0
0 0
0 0
0 0
0 0
0 0
-938 -545
546 -938
937 546
-546 937
-937 -547
547 -937
937 547
-548 937
-936 -548
548 -936
936 549
-549 936
-936 -549
549 -935
935 550
-550 935
-935 -550
551 -935
935 551
-551 934
0 0
0 0
0 0
0 0
0 0
0 0
0 0
0 0
0 0
0 0
932 555
-555 932
-932 -555
556 -932
932 556
-556 931
-931 -556
557 -931
931 557
-557 931
0 0
0 0
0 0
0 0
0 0
0 0
0 0
0 0
0 0
0 0
0 0
0 0
0 0
0 0
0 0
0 0
0 0
0 0
0 0
0 0
-927 -564
564 -927
927 564
-565 926
-926 -565
565 -926
926 566
-566 926
-925 -566
567 -925
925 567
-567 925
-925 -567
568 -924
924 568
-568 924
-924 -569
569 -924
924 569
-570 923
0 0
0 0
0 0
0 0
0 0
0 0
0 0
0 0
0 0
0 0
0 0
0 0
0 0
0 0
0 0
0 0
0 0
0 0
0 0
0 0
-919 -576
576 -919
919 576
-577 919
-919 -577
577 -918
918 578
-578 918
-918 -578
579 -918
0 0
0 0
0 0
0 0
0 0
0 0
0 0
0 0
0 0
0 0
-916 -582
582 -915
915 582
-583 915
-915 -583
583 -915
914 584
-584 914
-914 -584
585 -914
914 585
-585 914
-913 -585
586 -913
913 586
-586 913
-913 -587
587 -912
912 587
-588 912
0 0
0 0
0 0
0 0
0 0
0 0
0 0
0 0
0 0
0 0
0 0
0 0
0 0
0 0
0 0
0 0
0 0
0 0
0 0
0 0
-908 -594
594 -908
908 594
-595 907
-907 -595
595 -907
907 596
-596 907
-906 -596
597 -906
0 0
0 0
0 0
0 0
0 0
0 0
0 0
0 0
0 0
0 0
-904 -600
600 -904
904 600
-601 903
-903 -601
601 -903
903 602
-602 903
-902 -602
602 -902
0 0
0 0
0 0
0 0
0 0
0 0
0 0
0 0
0 0
0 0
-900 -606
606 -900
900 606
-607 899
-899 -607
607 -899
899 607
-608 899
-898 -608
608 -898
0 0
0 0
0 0
0 0
0 0
0 0
0 0
0 0
0 0
0 0
-896 -612
612 -896
896 612
-612 895
-895 -613
613 -895
895 613
-614 895
-894 -614
614 -894
0 0
0 0
0 0
0 0
0 0
0 0
0 0
0 0
0 0
0 0
-892 -617
618 -892
892 618
-618 891
-891 -619
619 -891
891 619
-619 891
-890 -620
620 -890
890 620
-621 890
-890 -621
621 -889
889 622
-622 889
-889 -622
622 -889
888 623
-623 888
0 0
0 0
0 0
0 0
0 0
0 0
0 0
0 0
0 0
0 0
0 0
0 0
0 0
0 0
0 0
0 0
0 0
0 0
0 0
0 0
-884 -629
629 -884
883 630
-630 883
-883 -630
630 -883
883 631
-631 882
-882 -631
632 -882
0 0
0 0
0 0
0 0
0 0
0 0
0 0
0 0
0 0
0 0
-880 -635
635 -880
879 635
-636 879
-879 -636
636 -879
879 637
-637 878
-878 -637
637 -878
878 638
-638 877
-877 -638
639 -877
877 639
-639 877
-876 -639
640 -876
876 640
-640 876
0 0
0 0
0 0
0 0
0 0
0 0
0 0
0 0
0 0
0 0
873 643
-644 873
-873 -644
644 -873
873 645
-645 872
-872 -645
645 -872
872 646
-646 872
0 0
0 0
0 0
0 0
0 0
0 0
0 0
0 0
0 0
0 0
869 649
-649 869
-869 -650
650 -869
868 650
-651 868
-868 -651
651 -868
868 651
-652 867
0 0
0 0
0 0
0 0
0 0
0 0
0 0
0 0
0 0
0 0
0 0
0 0
0 0
0 0
0 0
0 0
0 0
0 0
0 0
0 0
-863 -658
658 -863
862 658
-659 862
-862 -659
659 -862
862 659
-660 861
-861 -660
660 -861
861 660
-661 860
-860 -661
661 -860
860 662
-662 860
-859 -662
662 -859
859 663
-663 859
0 0
0 0
0 0
0 0
0 0
0 0
0 0
0 0
0 0
0 0
0 0
0 0
0 0
0 0
0 0
0 0
0 0
0 0
0 0
0 0
-854 -669
669 -854
854 669
-670 853
-853 -670
670 -853
853 671
-671 853
-852 -671
671 -852
0 0
0 0
0 0
0 0
0 0
0 0
0 0
0 0
0 0
0 0
-850 -674
675 -850
849 675
-675 849
-849 -676
676 -849
848 676
-676 848
-848 -677
677 -848
0 0
0 0
0 0
0 0
0 0
0 0
0 0
0 0
0 0
0 0
-845 -680
680 -845
845 681
-681 845
-844 -681
681 -844
844 682
-682 844
-844 -682
683 -843
843 683
-683 843
-843 -683
684 -842
842 684
-684 842
-842 -684
685 -841
841 685
-685 841
0 0
0 0
0 0
0 0
0 0
0 0
0 0
0 0
0 0
0 0
0 0
0 0
0 0
0 0
0 0
0 0
0 0
0 0
0 0
0 0
-836 -691
691 -836
836 692
-692 836
-835 -692
692 -835
835 693
-693 835
-834 -693
694 -834
0 0
0 0
0 0
0 0
0 0
0 0
0 0
0 0
0 0
0 0
-832 -697
697 -832
831 697
-697 831
-831 -698
698 -831
830 698
-698 830
-830 -699
699 -830
0 0
0 0
0 0
0 0
0 0
0 0
0 0
0 0
0 0
0 0
-827 -702
702 -827
827 702
-703 826
-826 -703
703 -826
826 704
-704 826
-825 -704
704 -825
825 705
-705 825
-824 -705
705 -824
824 706
-706 824
-823 -706
707 -823
823 707
-707 823
0 0
0 0
0 0
0 0
0 0
0 0
0 0
0 0
0 0
0 0
0 0
0 0
0 0
0 0
0 0
0 0
0 0
0 0
0 0
0 0
-818 -713
713 -818
817 713
-714 817
-817 -714
714 -817
817 714
-715 816
-816 -715
715 -816
816 715
-716 815
-815 -716
716 -815
815 716
-717 814
-814 -717
717 -814
814 718
-718 813
0 0
0 0
0 0
0 0
0 0
0 0
0 0
0 0
0 0
0 0
0 0
0 0
0 0
0 0
0 0
0 0
0 0
0 0
0 0
0 0
-809 -723
724 -808
808 724
-724 808
-808 -724
725 -807
807 725
-725 807
-807 -725
726 -806
806 726
-726 806
-806 -727
727 -805
805 727
-727 805
-805 -728
728 -804
804 728
-728 804
0 0
0 0
0 0
0 0
0 0
0 0
0 0
0 0
0 0
0 0
0 0
0 0
0 0
0 0
0 0
0 0
0 0
0 0
0 0
0 0
-799 -734
734 -799
798 734
-735 798
-798 -735
735 -798
798 735
-736 797
-797 -736
736 -797
0 0
0 0
0 0
0 0
0 0
0 0
0 0
0 0
0 0
0 0
-794 -739
739 -794
794 740
-740 793
-793 -740
740 -793
793 741
-741 792
-792 -741
741 -792
0 0
0 0
0 0
0 0
0 0
0 0
0 0
0 0
0 0
0 0
-789 -744
745 -789
789 745
-745 789
-788 -745
746 -788
788 746
-746 788
-787 -746
747 -787
0 0
0 0
0 0
0 0
0 0
0 0
0 0
0 0
0 0
0 0
-784 -749
750 -784
784 750
-750 784
-783 -750
751 -783
783 751
-751 783
-782 -752
752 -782
0 0
0 0
0 0
0 0
0 0
0 0
0 0
0 0
0 0
0 0
-779 -755
755 -779
779 755
-755 779
-778 -756
756 -778
778 756
-756 778
-777 -757
757 -777
777 757
-757 777
-776 -758
758 -776
776 758
-758 776
-775 -759
759 -775
775 759
-759 775
0 0
0 0
0 0
0 0
0 0
0 0
0 0
0 0
0 0
0 0
0 0
0 0
0 0
0 0
0 0
0 0
0 0
0 0
0 0
0 0
-770 -765
765 -769
769 765
-765 769
-769 -766
766 -768
768 766
-766 768
-768 -767
767 -767
767 767
-768 767
-766 -768
768 -766
766 768
-769 766
-765 -769
769 -765
765 769
-770 765
0 0
0 0
0 0
0 0
0 0
0 0
0 0
0 0
0 0
0 0
0 0
0 0
0 0
0 0
0 0
0 0
0 0
0 0
0 0
0 0
-759 -775
775 -759
759 775
-775 759
-758 -776
776 -758
758 776
-776 758
-757 -777
777 -757
0 0
0 0
0 0
0 0
0 0
0 0
0 0
0 0
0 0
0 0
-754 -780
780 -754
754 780
-780 754
-753 -781
781 -753
753 781
-781 753
-752 -782
782 -752
752 782
-782 752
-751 -783
783 -751
751 783
-783 750
-750 -784
784 -750
750 784
-784 749
0 0
0 0
0 0
0 0
0 0
0 0
0 0
0 0
0 0
0 0
0 0
0 0
0 0
0 0
0 0
0 0
0 0
0 0
0 0
0 0
-744 -790
790 -744
744 790
-790 743
-743 -790
791 -743
742 791
-791 742
-742 -791
792 -742
0 0
0 0
0 0
0 0
0 0
0 0
0 0
0 0
0 0
0 0
-739 -794
795 -739
738 795
-795 738
-738 -795
796 -738
737 796
-796 737
-737 -796
797 -737
0 0
0 0
0 0
0 0
0 0
0 0
0 0
0 0
0 0
0 0
-734 -799
799 -733
733 800
-800 733
-733 -800
800 -732
732 801
-801 732
-732 -801
801 -731
731 802
-802 731
-730 -802
802 -730
730 803
-803 730
-729 -803
803 -729
729 804
-804 729
0 0
0 0
0 0
0 0
0 0
0 0
0 0
0 0
0 0
0 0
726 806
-807 725
-725 -807
807 -725
725 807
-808 724
-724 -808
808 -724
724 808
-809 723
0 0
0 0
0 0
0 0
0 0
0 0
0 0
0 0
0 0
0 0
720 811
-811 720
-720 -812
812 -720
719 812
-812 719
-719 -813
813 -719
718 813
-813 718
0 0
0 0
0 0
0 0
0 0
0 0
0 0
0 0
0 0
0 0
715 816
-816 715
-715 -816
817 -714
714 817
-817 714
-714 -817
817 -713
713 818
-818 713
0 0
0 0
0 0
0 0
0 0
0 0
0 0
0 0
0 0
0 0
0 0
0 0
0 0
0 0
0 0
0 0
0 0
0 0
0 0
0 0
-707 -823
823 -707
707 823
-823 706
-706 -824
824 -706
705 824
-824 705
-705 -825
825 -705
704 825
-825 704
-704 -826
826 -704
703 826
-826 703
-703 -826
827 -702
702 827
-827 702
0 0
0 0
0 0
0 0
0 0
0 0
0 0
0 0
0 0
0 0
0 0
0 0
0 0
0 0
0 0
0 0
0 0
0 0
0 0
0 0
-696 -832
832 -696
696 832
-833 695
-695 -833
833 -695
695 833
-834 694
-694 -834
834 -694
694 834
-834 693
-693 -835
835 -693
692 835
-835 692
-692 -836
836 -692
691 836
-836 691
0 0
0 0
0 0
0 0
0 0
0 0
0 0
0 0
0 0
0 0
688 839
-839 688
-687 -839
839 -687
687 840
-840 687
-686 -840
840 -686
686 841
-841 686
0 0
0 0
0 0
0 0
0 0
0 0
0 0
0 0
0 0
0 0
0 0
0 0
0 0
0 0
0 0
0 0
0 0
0 0
0 0
0 0
-680 -846
846 -679
679 846
-846 679
-679 -846
847 -678
678 847
-847 678
-678 -847
848 -677
677 848
-848 677
-676 -848
848 -676
676 849
-849 676
-675 -849
849 -675
675 850
-850 674
0 0
0 0
0 0
0 0
0 0
0 0
0 0
0 0
0 0
0 0
0 0
0 0
0 0
0 0
0 0
0 0
0 0
0 0
0 0
0 0
-669 -854
855 -668
668 855
-855 668
-668 -855
855 -667
667 856
-856 667
-666 -856
856 -666
666 857
-857 666
-665 -857
857 -665
665 857
-858 664
-664 -858
858 -664
664 858
-858 663
0 0
0 0
0 0
0 0
0 0
0 0
0 0
0 0
0 0
0 0
660 861
-861 660
-660 -861
862 -659
659 862
-862 659
-659 -862
862 -658
658 863
-863 658
0 0
0 0
0 0
0 0
0 0
0 0
0 0
0 0
0 0
0 0
0 0
0 0
0 0
0 0
0 0
0 0
0 0
0 0
0 0
0 0
-652 -867
868 -651
651 868
-868 651
-651 -868
868 -650
650 869
-869 650
-649 -869
869 -649
649 869
-870 649
-648 -870
870 -648
648 870
-871 647
-647 -871
871 -647
647 871
-871 646
0 0
0 0
0 0
0 0
0 0
0 0
0 0
0 0
0 0
0 0
643 874
-874 643
-643 -874
874 -642
642 875
-875 642
-641 -875
875 -641
641 875
-876 641
0 0
0 0
0 0
0 0
0 0
0 0
0 0
0 0
0 0
0 0
0 0
0 0
0 0
0 0
0 0
0 0
0 0
0 0
0 0
0 0
-635 -880
880 -634
634 880
-881 634
-633 -881
881 -633
633 881
-881 633
-632 -882
882 -632
0 0
0 0
0 0
0 0
0 0
0 0
0 0
0 0
0 0
0 0
-629 -884
884 -628
628 885
-885 628
-628 -885
885 -627
627 885
-886 627
-626 -886
886 -626
626 886
-886 626
-625 -887
887 -625
625 887
-887 624
-624 -887
888 -624
624 888
-888 623
0 0
0 0
0 0
0 0
0 0
0 0
0 0
0 0
0 0
0 0
620 890
-890 620
-619 -891
891 -619
619 891
-891 619
-618 -891
892 -618
618 892
-892 617
0 0
0 0
0 0
0 0
0 0
0 0
0 0
0 0
0 0
0 0
0 0
0 0
0 0
0 0
0 0
0 0
0 0
0 0
0 0
0 0
-611 -896
896 -611
611 897
-897 610
-610 -897
897 -610
610 897
-898 609
-609 -898
898 -609
0 0
0 0
0 0
0 0
0 0
0 0
0 0
0 0
0 0
0 0
-605 -900
900 -605
605 901
-901 605
-604 -901
901 -604
604 901
-902 603
-603 -902
902 -603
602 902
-902 602
-602 -903
903 -602
601 903
-903 601
-601 -903
904 -600
600 904
-904 600
0 0
0 0
0 0
0 0
0 0
0 0
0 0
0 0
0 0
0 0
597 906
-906 596
-596 -907
907 -596
595 907
-907 595
-595 -907
908 -594
594 908
-908 594
0 0
0 0
0 0
0 0
0 0
0 0
0 0
0 0
0 0
0 0
591 910
-910 590
-590 -910
911 -590
589 911
-911 589
-589 -911
911 -588
588 912
-912 588
0 0
0 0
0 0
0 0
0 0
0 0
0 0
0 0
0 0
0 0
585 914
-914 584
-584 -914
914 -584
583 915
-915 583
-583 -915
915 -582
582 915
-916 582
0 0
0 0
0 0
0 0
0 0
0 0
0 0
0 0
0 0
0 0
579 918
-918 578
-578 -918
918 -578
577 918
-919 577
-577 -919
919 -576
576 919
-919 576
0 0
0 0
0 0
0 0
0 0
0 0
0 0
0 0
0 0
0 0
0 0
0 0
0 0
0 0
0 0
0 0
0 0
0 0
0 0
0 0
-570 -923
924 -569
569 924
-924 569
-568 -924
924 -568
568 924
-925 567
-567 -925
925 -567
567 925
-925 566
-566 -926
926 -566
565 926
-926 565
-565 -926
927 -564
564 927
-927 564
0 0
0 0
0 0
0 0
0 0
0 0
0 0
0 0
0 0
0 0
0 0
0 0
0 0
0 0
0 0
0 0
0 0
0 0
0 0
0 0
-557 -931
931 -557
557 931
-931 556
-556 -931
932 -556
556 932
-932 555
-555 -932
932 -555
0 0
0 0
0 0
0 0
0 0
0 0
0 0
0 0
0 0
0 0
-551 -934
935 -551
551 935
-935 550
-550 -935
935 -550
549 935
-936 549
-549 -936
936 -549
548 936
-936 548
-548 -937
937 -547
547 937
-937 547
-546 -937
937 -546
546 938
-938 545
0 0
0 0
0 0
0 0
0 0
0 0
0 0
0 0
0 0
0 0
0 0
0 0
0 0
0 0
0 0
0 0
0 0
0 0
0 0
0 0
-539 -942
942 -539
538 942
-942 538
-538 -942
942 -537
537 943
-943 537
-537 -943
943 -536
0 0
0 0
0 0
0 0
0 0
0 0
0 0
0 0
0 0
0 0
-533 -945
945 -533
532 945
-946 532
-532 -946
946 -531
531 946
-946 531
-530 -946
947 -530
530 947
-947 529
-529 -947
947 -529
528 947
-948 528
-528 -948
948 -528
527 948
-948 527
0 0
0 0
0 0
0 0
0 0
0 0
0 0
0 0
0 0
0 0
524 950
-950 523
-523 -951
951 -523
522 951
-951 522
-522 -951
951 -521
521 952
-952 521
0 0
0 0
0 0
0 0
0 0
0 0
0 0
0 0
0 0
0 0
517 954
-954 517
-517 -954
954 -516
516 954
-954 516
-515 -955
955 -515
515 955
-955 514
0 0
0 0
0 0
0 0
0 0
0 0
0 0
0 0
0 0
0 0
511 957
-957 511
-510 -957
958 -510
510 958
-958 509
-509 -958
958 -509
509 958
-959 508
0 0
0 0
0 0
0 0
0 0
0 0
0 0
0 0
0 0
0 0
0 0
0 0
0 0
0 0
0 0
0 0
0 0
0 0
0 0
0 0
-502 -962
962 -501
501 962
-962 501
-500 -963
963 -500
500 963
-963 499
-499 -963
963 -499
498 964
-964 498
-498 -964
964 -497
497 964
-964 497
-497 -965
965 -496
496 965
-965 496
0 0
0 0
0 0
0 0
0 0
0 0
0 0
0 0
0 0
0 0
492 967
-967 492
-491 -967
967 -491
491 968
-968 491
-490 -968
968 -490
490 968
-968 489
0 0
0 0
0 0
0 0
0 0
0 0
0 0
0 0
0 0
0 0
0 0
0 0
0 0
0 0
0 0
0 0
0 0
0 0
0 0
0 0
-483 -972
972 -482
482 972
-972 482
-481 -972
972 -481
481 973
-973 480
-480 -973
973 -480
0 0
0 0
0 0
0 0
0 0
0 0
0 0
0 0
0 0
0 0
-476 -975
975 -476
476 975
-975 475
-475 -975
976 -475
474 976
-976 474
-474 -976
976 -473
0 0
0 0
0 0
0 0
0 0
0 0
0 0
0 0
0 0
0 0
-470 -978
978 -470
469 978
-978 469
-469 -979
979 -468
468 979
-979 468
-467 -979
979 -467
467 979
-980 466
-466 -980
980 -466
465 980
-980 465
-465 -980
981 -464
464 981
-981 464
0 0
0 0
0 0
0 0
0 0
0 0
0 0
0 0
0 0
0 0
0 0
0 0
0 0
0 0
0 0
0 0
0 0
0 0
0 0
0 0
-457 -984
984 -457
456 984
-984 456
-456 -985
985 -455
455 985
-985 455
-454 -985
985 -454
0 0
0 0
0 0
0 0
0 0
0 0
0 0
0 0
0 0
0 0
-451 -987
987 -450
450 987
-987 450
-449 -988
988 -449
449 988
-988 448
-448 -988
988 -448
447 988
-989 447
-447 -989
989 -446
446 989
-989 446
-445 -989
989 -445
445 990
-990 444
0 0
0 0
0 0
0 0
0 0
0 0
0 0
0 0
0 0
0 0
0 0
0 0
0 0
0 0
0 0
0 0
0 0
0 0
0 0
0 0
-438 -993
993 -437
437 993
-993 437
-436 -993
993 -436
436 994
-994 435
-435 -994
994 -435
0 0
0 0
0 0
0 0
0 0
0 0
0 0
0 0
0 0
0 0
-431 -996
996 -431
430 996
-996 430
-430 -996
996 -429
429 996
-997 429
-428 -997
997 -428
428 997
-997 427
-427 -997
997 -427
426 998
-998 426
-426 -998
998 -425
425 998
-998 425
0 0
0 0
0 0
0 0
0 0
0 0
0 0
0 0
0 0
0 0
421 1000
-1000 421
-421 -1000
1000 -420
420 1000
-1001 420
-419 -1001
1001 -419
419 1001
-1001 418
0 0
0 0
0 0
0 0
0 0
0 0
0 0
0 0
0 0
0 0
0 0
0 0
0 0
0 0
0 0
0 0
0 0
0 0
0 0
0 0
0 0
0 0
0 0
0 0
0 0
0 0
0 0
0 0
0 0
0 0
0 0
0 0
0 0
0 0
0 0
0 0
0 0
0 0
0 0
0 0
0 0
0 0
0 0
0 0
0 0
0 0
0 0
0 0
0 0
0 0
0 0
0 0
0 0
0 0
0 0
0 0
0 0
0 0
0 0
0 0
0 0
0 0
0 0
0 0
0 0
0 0
0 0
0 0
0 0
0 0
0 0
0 0
0 0
0 0
0 0
0 0
0 0
0 0
0 0
0 0
0 0
0 0
0 0
0 0
0 0
0 0
0 0
0 0
0 0
0 0
0 0
0 0
0 0
0 0
0 0
0 0
0 0
0 0
0 0
0 0
0 0
0 0
0 0
0 0
0 0
0 0
0 0
0 0
0 0
0 0
0 0
0 0
0 0
0 0
0 0
0 0
0 0
0 0
0 0
0 0
0 0
0 0
0 0
0 0
0 0
0 0
0 0
0 0
0 0
0 0
0 0
0 0
0 0
0 0
0 0
0 0
0 0
0 0
0 0
0 0
0 0
0 0
0 0
0 0
0 0
0 0
0 0
0 0
0 0
0 0
0 0
0 0
0 0
0 0
0 0
0 0
0 0
0 0
0 0
0 0
0 0
0 0
0 0
0 0
0 0
0 0
0 0
0 0
0 0
0 0
0 0
0 0
0 0
0 0
0 0
0 0
0 0
0 0
0 0
0 0
0 0
0 0
0 0
0 0
0 0
0 0
0 0
0 0
0 0
0 0
0 0
0 0
0 0
0 0
0 0
0 0
0 0
0 0
0 0
0 0
0 0
0 0
0 0
0 0
0 0
0 0
0 0
0 0
0 0
0 0
0 0
0 0
0 0
0 0
0 0
0 0
0 0
0 0
0 0
0 0
0 0
0 0
0 0
0 0
0 0
0 0
0 0
0 0
0 0
0 0
0 0
0 0
0 0
0 0
0 0
0 0
0 0
0 0
0 0
0 0
0 0
0 0
0 0
0 0
0 0
0 0
0 0
0 0
0 0
0 0
0 0
0 0
0 0
0 0
0 0
0 0
0 0
0 0
0 0
0 0
0 0
0 0
0 0
0 0
0 0
0 0
0 0
0 0
0 0
0 0
0 0
0 0
0 0
0 0
0 0
0 0
0 0
0 0
0 0
0 0
0 0
0 0
0 0
0 0
0 0
0 0
0 0
0 0
0 0
0 0
0 0
0 0
0 0
0 0
0 0
0 0
0 0
0 0
0 0
0 0
0 0
0 0
0 0
0 0
0 0
0 0
0 0
0 0
0 0
0 0
0 0
0 0
0 0
0 0
0 0
0 0
0 0
0 0
0 0
0 0
0 0
0 0
0 0
0 0
0 0
0 0
0 0
0 0
0 0
0 0
0 0
0 0
0 0
0 0
0 0
0 0
0 0
0 0
0 0
0 0
0 0
0 0
0 0
0 0
0 0
0 0
0 0
0 0
0 0
0 0
0 0
0 0
0 0
0 0
0 0
0 0
0 0
0 0
0 0
0 0
0 0
0 0
0 0
0 0
0 0
0 0
0 0
0 0
0 0
0 0
0 0
0 0
0 0
0 0
0 0
0 0
0 0
0 0
0 0
0 0
0 0
0 0
0 0
0 0
0 0
0 0
0 0
0 0
0 0
0 0
0 0
0 0
0 0
0 0
0 0
0 0
0 0
0 0
0 0
0 0
0 0
0 0
0 0
0 0
0 0
0 0
0 0
0 0
0 0
0 0
0 0
0 0
0 0
0 0
0 0
0 0
0 0
0 0
0 0
0 0
0 0
0 0
0 0
0 0
0 0
0 0
0 0
0 0
0 0
0 0
0 0
0 0
0 0
0 0
0 0
0 0
0 0
0 0
0 0
0 0
0 0
0 0
0 0
0 0
0 0
0 0
0 0
0 0
0 0
0 0
0 0
0 0
0 0
0 0
0 0
0 0
0 0
0 0
0 0
0 0
0 0
0 0
0 0
0 0
0 0
0 0
0 0
0 0
0 0
0 0
0 0
0 0
0 0
0 0
0 0
0 0
0 0
0 0
0 0
0 0
0 0
0 0
0 0
0 0
0 0
0 0
0 0
0 0
0 0
0 0
0 0
0 0
0 0
0 0
0 0
0 0
0 0
0 0
0 0
0 0
0 0
0 0
0 0
0 0
0 0
0 0
0 0
0 0
0 0
0 0
0 0
0 0
0 0
0 0
0 0
0 0
0 0
0 0
0 0
0 0
0 0
0 0
0 0
0 0
0 0
0 0
0 0
0 0
0 0
0 0
0 0
0 0
0 0
0 0
0 0
0 0
0 0
0 0
0 0
0 0
0 0
0 0
0 0
0 0
0 0
0 0
0 0
0 0
0 0
0 0
0 0
0 0
0 0
0 0
0 0
0 0
0 0
0 0
0 0
0 0
0 0
0 0
0 0
0 0
0 0
0 0
0 0
0 0
0 0
0 0
0 0
0 0
0 0
0 0
0 0
0 0
0 0
0 0
0 0
0 0
0 0
0 0
0 0
0 0
0 0
0 0
0 0
0 0
0 0
0 0
0 0
0 0
0 0
0 0
0 0
0 0
0 0
0 0
0 0
0 0
0 0
0 0
0 0
0 0
0 0
0 0
0 0
0 0
0 0
0 0
0 0
0 0
0 0
0 0
0 0
0 0
0 0
0 0
0 0
0 0
0 0
0 0
0 0
0 0
0 0
0 0
0 0
0 0
0 0
0 0
0 0
0 0
0 0
0 0
0 0
0 0
0 0
0 0
0 0
0 0
0 0
0 0
0 0
0 0
0 0
0 0
0 0
0 0
0 0
0 0
0 0
0 0
0 0
0 0
0 0
0 0
0 0
0 0
0 0
0 0
0 0
0 0
0 0
0 0
0 0
0 0
0 0
0 0
0 0
0 0
0 0
0 0
0 0
0 0
0 0
0 0
0 0
0 0
0 0
0 0
0 0
0 0
0 0
0 0
0 0
0 0
0 0
0 0
0 0
0 0
0 0
0 0
0 0
0 0
0 0
0 0
0 0
0 0
0 0
0 0
0 0
0 0
0 0
0 0
0 0
0 0
0 0
0 0
0 0
0 0
0 0
0 0
0 0
0 0
0 0
0 0
0 0
0 0
0 0
0 0
0 0
0 0
0 0
0 0
0 0
0 0
0 0
0 0
0 0
0 0
0 0
0 0
0 0
0 0
0 0
0 0
0 0
0 0
0 0
0 0
0 0
0 0
0 0
0 0
0 0
0 0
0 0
0 0
0 0
0 0
0 0
0 0
0 0
0 0
0 0
0 0
0 0
0 0
0 0
0 0
0 0
0 0
0 0
0 0
0 0
0 0
0 0
0 0
0 0
0 0
0 0
0 0
0 0
0 0
0 0
0 0
0 0
0 0
0 0
0 0
0 0
0 0
0 0
0 0
0 0
0 0
0 0
0 0
0 0
0 0
0 0
0 0
0 0
0 0
0 0
0 0
0 0
0 0
0 0
0 0
0 0
0 0
0 0
0 0
0 0
0 0
0 0
0 0
0 0
0 0
0 0
0 0
0 0
0 0
0 0
0 0
0 0
0 0
0 0
0 0
0 0
0 0
0 0
0 0
0 0
0 0
0 0
0 0
0 0
0 0
0 0
0 0
0 0
0 0
0 0
0 0
0 0
0 0
0 0
0 0
0 0
0 0
0 0
0 0
0 0
0 0
0 0
0 0
0 0
0 0
0 0
0 0
0 0
0 0
0 0
0 0
0 0
0 0
0 0
0 0
0 0
0 0
0 0
0 0
0 0
0 0
0 0
0 0
0 0
0 0
0 0
0 0
0 0
0 0
0 0
0 0
0 0
0 0
0 0
0 0
0 0
0 0
0 0
0 0
0 0
0 0
0 0
0 0
0 0
0 0
0 0
0 0
0 0
0 0
0 0
0 0
0 0
0 0
0 0
0 0
0 0
0 0
0 0
0 0
0 0
0 0
0 0
0 0
0 0
0 0
0 0
0 0
0 0
0 0
0 0
0 0
0 0
0 0
0 0
0 0
0 0
0 0
0 0
0 0
0 0
0 0
0 0
0 0
0 0
0 0
0 0
0 0
0 0
0 0
0 0
0 0
0 0
0 0
0 0
0 0
0 0
0 0
0 0
0 0
0 0
0 0
0 0
0 0
0 0
0 0
0 0
0 0
0 0
0 0
0 0
0 0
0 0
0 0
0 0
0 0
0 0
0 0
0 0
0 0
0 0
0 0
0 0
0 0
0 0
0 0
0 0
0 0
0 0
0 0
0 0
0 0
0 0
0 0
0 0
0 0
0 0
0 0
0 0
0 0
0 0
0 0
0 0
0 0
0 0
0 0
0 0
0 0
0 0
0 0
0 0
0 0
0 0
0 0
0 0
0 0
0 0
0 0
0 0
0 0
0 0
0 0
0 0
0 0
0 0
0 0
0 0
0 0
0 0
0 0
0 0
0 0
0 0
0 0
0 0
0 0
0 0
0 0
0 0
0 0
0 0
0 0
0 0
0 0
0 0
0 0
0 0
0 0
0 0
0 0
0 0
0 0
0 0
0 0
0 0
0 0
0 0
0 0
0 0
0 0
0 0
0 0
0 0
0 0
0 0
0 0
0 0
0 0
0 0
0 0
0 0
0 0
0 0
0 0
0 0
0 0
0 0
0 0
0 0
0 0
0 0
0 0
0 0
0 0
0 0
0 0
0 0
0 0
0 0
0 0
0 0
0 0
0 0
0 0
0 0
0 0
0 0
0 0
0 0
0 0
0 0
0 0
0 0
0 0
0 0
0 0
0 0
0 0
0 0
0 0
0 0
0 0
0 0
0 0
0 0
0 0
0 0
0 0
0 0
0 0
0 0
0 0
0 0
0 0
0 0
0 0
0 0
0 0
0 0
0 0
0 0
0 0
0 0
0 0
0 0
0 0
0 0
0 0
0 0
0 0
0 0
0 0
0 0
0 0
0 0
0 0
0 0
0 0
0 0
0 0
0 0
0 0
0 0
0 0
0 0
0 0
0 0
0 0
0 0
0 0
0 0
0 0
0 0
0 0
0 0
0 0
0 0
0 0
0 0
0 0
0 0
0 0
0 0
0 0
0 0
0 0
0 0
0 0
0 0
0 0
0 0
0 0
0 0
0 0
0 0
0 0
0 0
0 0
0 0
0 0
0 0
0 0
0 0
0 0
0 0
0 0
0 0
0 0
0 0
0 0
0 0
0 0
0 0
0 0
0 0
0 0
0 0
0 0
0 0
0 0
0 0
0 0
0 0
0 0
0 0
0 0
0 0
0 0
0 0
0 0
0 0
0 0
0 0
0 0
0 0
0 0
